* NORTHERN CASCADIA INITIATIVE VELOCITY PROFILE LOCATIONS
* sets up multiple crustal models using individual delay files.
* execute these commands after the sta command to get delays properly.
*
* Format: [nod 'lat degrees' 'lat minute' 'lon degrees' 'lon minute' 'radius of model (km)'
*       ...'radius of buffer (km)' 'model number']
*
* default:
* NWashington Shelf
crh 1 'models/ciact/MWN.crh'
mul t 1
*
* PNSN Washington
crh 2 'models/P4.crh'
del 2 'models/P4.del'
nod 45 45.0 122  5.0 136  9   2
nod 46 20.0 122 10.0 136  9   2
nod 47  5.0 122 15.0 136  9   2
nod 47 50.0 122 30.0 136  9   2
nod 48 35.0 122 50.0 136  9   2
nod 50  0.0 124 25.0 136  9   2
nod 50 40.0 125 25.0 136  9   2
*
* PNSN JdF
crh 3 'models/J1.crh'
nod 40 30.0 126 50.0 161  14  3
nod 41 42.0 127 15.0 161  14  3
nod 43  0.0 127 20.0 157  14  3
nod 44 18.0 127 27.0 154  14  3
nod 45 36.0 127 33.0 150  14  3
nod 47  0.0 128  0.0 147  14  3
nod 47 35.0 128 40.0 147  14  3
nod 48 54.0 130  0.0 140  14  3
*
*
* PNSN NOregon
crh 5 'models/O0.crh'
nod 44 45.0 122 10.0 136  9   5
nod 44  5.0 122 20.0 136  9   5
nod 43 30.0 122 25.0 136  9   5
*
* SWashington Shore
crh 6 'models/ciact/NWS.crh'
nod 46 12.0 124 15.0 15  15   6
nod 46 21.0 124 15.0 15  15   6
nod 46 30.0 124 20.0 15  15   6
nod 46 39.0 124 20.0 15  15   6
nod 46 48.0 124 20.0 15  15   6
nod 46 57.0 124 20.0 15  15   6
nod 47  6.0 124 25.0 15  15   6
*
* SWashington Shelf
crh 7 'models/ciact/MWS.crh'
nod 46 12.0 124 45.0 15  15   7
nod 46 21.0 124 45.0 15  15   7
nod 46 30.0 124 50.0 15  15   7
nod 46 39.0 124 50.0 15  15   7
nod 46 48.0 124 50.0 15  15   7
nod 46 57.0 124 50.0 15  15   7
nod 47  6.0 124 55.0 15  15   7
*
* SWashington Trench
crh 8 'models/ciact/FWS.crh'
nod 46 12.0 125 20.0 15  15   8
nod 46 21.0 125 20.0 15  15   8
nod 46 30.0 125 25.0 15  25   8
nod 46 39.0 125 25.0 15  25   8
nod 46 48.0 125 25.0 15  25   8
nod 46 57.0 125 25.0 15  25   8
nod 47  6.0 125 30.0 15  20   8
*
* NWashington Shore
crh 9 'models/ciact/NWN.crh'
nod 47 24.0 124 35.0 15  15   9
nod 47 33.0 124 35.0 15  15   9
nod 47 42.0 124 40.0 15  15   9
nod 47 51.0 124 40.0 15  15   9
nod 48  0.0 124 50.0 15  15   9
nod 48  9.0 124 50.0 15  15   9
nod 48 18.0 125  0.0 15  15   9
nod 48 27.0 125  0.0 15  15   9
nod 48 36.0 125  5.0 15  15   9
nod 48 41.0 125 20.0 15  15   9
nod 48 46.0 125 40.0 15  15   9
nod 48 55.0 125 50.0 15  15   9
nod 49  1.0 126  5.0 15  15   9
nod 49  9.0 126 15.0 15  15   9
nod 49 16.0 126 30.0 15  20   9
nod 49 22.0 126 40.0 15  20   9
nod 49 31.0 126 55.0 15  15   9
nod 49 39.0 127 10.0 15  15   9
nod 49 46.0 127 20.0 15  15   9
*
* NWashington Trench
crh 10 'models/ciact/FWN.crh'
nod 47 24.0 125 40.0 15  15   10
nod 47 33.0 125 45.0 15  15   10
nod 47 42.0 125 50.0 15  15   10
nod 47 51.0 125 55.0 15  15   10
nod 48  0.0 126  5.0 15  15   10
nod 48  9.0 126 15.0 15  15   10
nod 48 18.0 126 30.0 15  15   10
nod 48 27.0 126 40.0 15  15   10
nod 48 36.0 126 50.0 15  20   10
nod 48 41.0 126 55.0 15  20   10
nod 48 46.0 127  0.0 15  20   10
nod 48 55.0 127 15.0 15  20   10
nod 49  1.0 127 25.0 15  20   10
nod 49  9.0 127 35.0 15  20   10
nod 49 16.0 127 40.0 15  20   10
nod 49 22.0 127 45.0 15  20   10
nod 49 31.0 127 50.0 15  15   10
*
* Oregon Shore
crh 11 'models/ciact/NO.crh'
nod 45 54.0 124 15.0 15  15   11
nod 45 45.0 124 15.0 15  15   11
nod 45 36.0 124 10.0 15  15   11
nod 45 27.0 124 10.0 15  15   11
nod 45 18.0 124 10.0 15  15   11
nod 45  9.0 124 10.0 15  15   11
nod 45  0.0 124 15.0 15  15   11
nod 44 51.0 124 15.0 15  15   11
nod 44 42.0 124 15.0 15  15   11
nod 44 33.0 124 15.0 15  15   11
nod 44 24.0 124 20.0 15  15   11
nod 44 15.0 124 20.0 15  15   11
nod 44  6.0 124 20.0 15  15   11
nod 43 57.0 124 20.0 15  15   11
nod 43 48.0 124 25.0 15  15   11
nod 43 39.0 124 25.0 15  15   11
nod 43 30.0 124 25.0 15  15   11
*nod 43 21.0 124 25.0 15  15   11
*
* Oregon Trench
crh 12 'models/ciact/FO.crh'
nod 45 54.0 125 20.0 15  15   12
nod 45 45.0 125 20.0 15  15   12
nod 45 36.0 125 20.0 15  15   12
nod 45 27.0 125 20.0 15  15   12
nod 45 18.0 125 20.0 15  15   12
nod 45  9.0 125 20.0 15  15   12
nod 45  0.0 125 20.0 15  15   12
nod 44 51.0 125 20.0 15  15   12
nod 44 42.0 125 15.0 15  15   12
nod 44 33.0 125 15.0 15  15   12
nod 44 24.0 125 15.0 15  15   12
nod 44 15.0 125 15.0 15  15   12
nod 44  6.0 125 15.0 15  15   12
nod 43 57.0 125 15.0 15  15   12
nod 43 48.0 125 15.0 15  15   12
nod 43 39.0 125 15.0 15  15   12
nod 43 30.0 125 10.0 15  15   12
*
* Oregon Shelf
crh 13 'models/ciact/MO.crh'
nod 45 54.0 124 45.0 15  15   13
nod 45 45.0 124 45.0 15  15   13
nod 45 36.0 124 45.0 15  15   13
nod 45 27.0 124 45.0 15  15   13
nod 45 18.0 124 45.0 15  15   13
nod 45  9.0 124 45.0 15  15   13
nod 45  0.0 124 45.0 15  15   13
nod 44 51.0 124 45.0 15  15   13
nod 44 42.0 124 45.0 15  15   13
nod 44 33.0 124 45.0 15  15   13
nod 44 24.0 124 45.0 15  15   13
nod 44 15.0 124 45.0 15  15   13
nod 44  6.0 124 45.0 15  15   13
nod 43 57.0 124 45.0 15  15   13
nod 43 48.0 124 50.0 15  15   13
nod 43 39.0 124 50.0 15  15   13
nod 43 30.0 124 48.0 15  15   13
*
